x0;x1;x2;x3;x4;x5;f(x0);f(x1);f(x2);f(x3);f(x4);f(x5);Step;XVal;x-plus;x-minus
-60;-46.03369;-36.399765;-29.780243;16.374062;60;14.42263;-14.31402;243.34137;1507.1328;195687.28;1476986.8;1;-57.60508;31.100067,60;83.74199,60
-141.34708;-89.80336;-79.267166;-36.270428;-35.43888;-26.505013;678351.5;23010.613;6352.862;255.20224;340.79315;2857.7437;2;-26.662758;29.071798,60;45.81495,60
-72.47771;-54.939014;-51.394447;-35.68818;-29.785328;2.4090405;2027.3867;-15.671062;-5.821911;313.37766;1505.4967;75821.87;3;-69.83023;17.81193,60;66.40079,60
-136.23102;-125.32233;-124.2539;-70.55669;-62.919388;-52.018303;537550.94;311155.66;293674.03;1359.2712;129.65222;-6.9664736;4;-52.40695;26.235964,60;33.362495,60
-85.76945;-66.797775;-60.92777;-56.65619;-49.033028;-26.170988;14765.677;528.10156;39.165005;-17.744232;-6.1764174;3032.671;5;-26.869576;26.51074,60;21.317873,60
-48.187447;-42.563103;-30.256563;-24.18598;-12.20788;-0.35883522;-8.005875;-9.527741;1359.3402;4238.653;20253.99;60953.17;6;-45.718407;13.568412,60;30.628046,60
-76.34645;-58.025257;-48.471222;-48.457016;-34.451946;-32.149994;4053.34;-12.695833;-7.3128576;-7.3458157;465.40723;872.94916;7;-32.288486;7.8486814,60;20.859148,60
-53.147636;-50.9162;-47.77398;-47.29386;-38.82692;-24.439804;-10.029463;-5.2774315;-9.1290455;-10.552201;81.751076;4067.6445;8;-52.650116;4.5910525,60;30.501642,60
-83.15176;-70.66823;-65.6682;-58.83628;-49.873726;-48.059063;10747.181;1392.9474;373.68985;-5.0503573;-5.180482;-8.3415985;9;-48.126827;3.82606,60;16.73,60
-64.85683;-60.152363;-60.00698;-55.569305;-45.547535;-44.300766;284.02362;17.86515;14.57539;-17.121628;-15.49291;-16.631645;10;-44.394585;4.4738274,60;8.857034,60
-53.251617;-47.40216;-47.02189;-46.251186;-40.035156;-39.920757;-10.356113;-10.22348;-11.388084;-13.711227;36.20755;39.7301;11;-51.89065;2.237362,60;12.724549,60
-64.615204;-63.20705;-61.86484;-59.033512;-57.657745;-49.65329;260.4189;147.89217;74.57517;-2.5212102;-14.891772;-5.352525;12;-49.992004;3.330594,60;6.4923773,60
-56.484383;-51.62893;-51.05052;-48.52305;-46.94523;-46.66141;-17.857647;-6.197268;-5.3994856;-7.19426;-11.624791;-12.4965;13;-51.837452;2.4473274,60;3.6441584,60
-55.48161;-52.553234;-51.01928;-50.90676;-49.492054;-49.390125;-16.955938;-8.285848;-5.3689113;-5.2697806;-5.519468;-5.6425066;14;-54.64275;1.235422,60;2.8609765,60
-57.503727;-56.698994;-55.307877;-55.171844;-54.76017;-53.40733;-15.609357;-17.701128;-16.589905;-16.271574;-15.169558;-10.853605;15;-56.38749;0.638552,60;3.8247118,60
-60.2122;-57.913097;-57.655403;-56.301483;-55.846535;-55.748936;19.280231;-13.44174;-14.903545;-17.87985;-17.550001;-17.416712;16;-55.753506;0.5197585,60;2.0850658,60
-57.83857;-56.543846;-55.807762;-55.45393;-55.45136;-55.233746;-13.899834;-17.828934;-17.499447;-16.90089;-16.895712;-16.41966;17;-55.241028;0.27600673,60;1.3031372,60
-56.544167;-56.07835;-56.060295;-56.04879;-55.512665;-54.96502;-17.828749;-17.78186;-17.76835;-17.759325;-17.016151;-15.741272;18;-56.49077;0.13976116,60;1.9022284,60
-58.392998;-57.953186;-57.931126;-57.394226;-56.632233;-56.351006;-9.744143;-13.183033;-13.326468;-16.051987;-17.765713;-17.883383;19;-56.362156;0.19098271,60;0.9595507,60
-57.321705;-56.92501;-56.691093;-56.452477;-56.237583;-56.171173;-16.315495;-17.368582;-17.709545;-17.868599;-17.865246;-17.838434;20;-56.173244;0.17622907,60;0.5093596,60
-56.682606;-56.60003;-56.35385;-56.273483;-56.05953;-55.997017;-17.718353;-17.791643;-17.883373;-17.874826;-17.767757;-17.714764;21;-56.215797;0.0895024,60;0.3065299,60
-56.522327;-56.501827;-56.315804;-56.302162;-56.301792;-56.126293;-17.840586;-17.850353;-17.88158;-17.879946;-17.879894;-17.813807;22;-56.398132;0.06412035,60;0.31500024,60
-56.71313;-56.675457;-56.646786;-56.63669;-56.334015;-56.33401;-17.685547;-17.725586;-17.752888;-17.76186;-17.88295;-17.88295;23;-56.339287;0.09278114,60;0.15800245,60
-56.497288;-56.488754;-56.43033;-56.41465;-56.371002;-56.246506;-17.85234;-17.855906;-17.874405;-17.877636;-17.88284;-17.867952;24;-56.29387;0.12214249,60;0.08162215,60
-56.375492;-56.303932;-56.211754;-56.19558;-56.18876;-56.171726;-17.882557;-17.880188;-17.856205;-17.84964;-17.846666;-17.838707;25;-56.301563;0.06109038,60;0.10285335,60
-56.404415;-56.370693;-56.365944;-56.279247;-56.242977;-56.240475;-17.879354;-17.882854;-17.883083;-17.876038;-17.866909;-17.866146;26;-56.388348;0.030881437,60;0.084106505,60
-56.472454;-56.44564;-56.397507;-56.382114;-56.359352;-56.357468;-17.862103;-17.870546;-17.88034;-17.88204;-17.883295;-17.883331;27;-56.357662;0.042706933,60;0.04322156,60
-56.400883;-56.381073;-56.380943;-56.340755;-56.322647;-56.314957;-17.879875;-17.882128;-17.882141;-17.88322;-17.882206;-17.881495;28;-56.316975;0.024973031,60;0.022501547,60
-56.339478;-56.3295;-56.323418;-56.308273;-56.306435;-56.292;-17.883179;-17.882698;-17.882265;-17.880741;-17.880512;-17.878391;29;-56.3374;0.0127862925,60;0.026234763,60
-56.363632;-56.36007;-56.351147;-56.34922;-56.338345;-56.32461;-17.883171;-17.883278;-17.883383;-17.883377;-17.883139;-17.882359;30;-56.36007;0.006595899,60;0.035937205,60
-56.396008;-56.39512;-56.393208;-56.386383;-56.355846;-56.353474;-17.880535;-17.88065;-17.880884;-17.881636;-17.883356;-17.883377;31;-56.35411;0.00969274,60;0.017987754,60
-56.372097;-56.37138;-56.36985;-56.369663;-56.354744;-56.344418;-17.882774;-17.882816;-17.8829;-17.88291;-17.883368;-17.883314;32;-56.345947;0.014209111,60;0.009012291,60
-56.35496;-56.34782;-56.339314;-56.337547;-56.33536;-56.331738;-17.883366;-17.883364;-17.883173;-17.883106;-17.883013;-17.88283;33;-56.3492;0.007106368,60;0.012309145,60
-56.36151;-56.359943;-56.35257;-56.35163;-56.347126;-56.342094;-17.88324;-17.88328;-17.88338;-17.883385;-17.883356;-17.883259;34;-56.346874;0.0048612505,60;0.007098032,60
-56.353973;-56.353523;-56.35339;-56.349396;-56.345173;-56.342014;-17.883375;-17.883379;-17.883377;-17.883377;-17.883326;-17.883255;35;-56.353596;0.002459239,60;0.009231103,60
-56.362827;-56.362244;-56.355724;-56.35527;-56.352673;-56.351135;-17.883198;-17.883219;-17.883358;-17.883364;-17.88338;-17.883383;36;-56.35119;0.0034484956,60;0.004681002,60
-56.35587;-56.35578;-56.354733;-56.351677;-56.351517;-56.34774;-17.883358;-17.883358;-17.88337;-17.883383;-17.883385;-17.883364;37;-56.350098;0.004173538,60;0.0023811662,60
-56.352478;-56.352226;-56.35089;-56.350464;-56.348442;-56.345924;-17.883383;-17.88338;-17.883383;-17.88338;-17.88337;-17.883339;38;-56.35225;0.0021053357,60;0.003383307,60
