n_eval;f_min;min_point
7;+1.636790460597786e1;[4.360875350181069, -12.007029255796787]
14;+9.832657213510206e0;[-3.681380645089252, -6.151276568420954]
28;+8.683809044769097e0;[-6.091407157154769, -2.5924018876143275]
35;+7.690767403154264e0;[6.8739888673329155, 0.8167785358213484]
53;+3.198429298649563e0;[0.3654956903209252, 2.832933608328638]
152;+1.988069776549863e0;[-1.7835223378841274, -0.20454743866573566]
188;+1.267110174872539e0;[0.4189455769371533, 0.848164597935386]
243;+5.527903647522647e-1;[-0.12670695948701477, 0.4260834052652499]
298;+3.673162320927957e-1;[0.05767735242519517, 0.30963887966760056]
475;+2.029352555490216e-1;[-0.18981268638951931, 0.013122569159502287]
550;+9.701856379734272e-2;[-0.031611638089406174, 0.06540692570793655]
806;+4.740234350237205e-2;[-0.014700771737758744, -0.0327015717646133]
1078;+3.546018428792668e-2;[0.033089359671985896, -0.002370824615940784]
1133;+2.697695325890373e-2;[0.0236299186814772, -0.0033470345774265246]
1240;+2.391070739332148e-2;[-0.019335772095212367, 0.0045749352981091125]
1285;+1.228535204795173e-2;[-0.005822786164879884, 0.006462565883071841]
1330;+8.173613820843997e-3;[-0.0036979253182400033, -0.004475688502603993]
1385;+2.996990435717866e-3;[-0.0007261157963546552, -0.002270874639363211]
1528;+1.327972517558404e-3;[-0.0002485713699034738, 0.0010794011476549306]
1573;+3.453937554388050e-4;[-7.530739130311582e-5, -0.00027008636413568916]
1873;+3.207303559657982e-4;[-0.0002730873916537075, 4.764296431209065e-5]
2025;+2.311559628557448e-4;[-0.0001904994959791409, -4.065646687660386e-5]
2121;+1.561377867965946e-4;[-0.00011242058504820461, -4.371720174839002e-5]
2176;+4.849449983311634e-5;[8.944603749152062e-6, -3.954989608396428e-5]
2426;+4.254423040678044e-5;[1.1044318385178347e-5, -3.14999120216021e-5]
2483;+3.447070378027242e-5;[-3.4684267745781055e-6, -3.100227700569431e-5]
2799;+2.990153217579013e-5;[-1.4063288974819089e-5, -1.5838243200971046e-5]
3003;+1.861627547693141e-5;[-2.1964186368635934e-6, -1.641985684006782e-5]
3042;+1.160694792340746e-5;[9.494858802559474e-6, -2.1120891208479905e-6]
3051;+7.021804670567985e-6;[5.7402817376582e-6, -1.281522932909786e-6]
3060;+2.469039642446380e-6;[8.091960095232479e-7, 1.6598436329231317e-6]
3381;+2.319684080487378e-6;[2.060699210915745e-6, -2.589848695716324e-7]
3677;+9.759516993136744e-7;[-4.726622346290239e-7, -5.032894646846504e-7]
3863;+4.413831989924070e-7;[5.682124327272244e-8, -3.8456195571968456e-7]
3920;+1.286063622441545e-7;[7.871700272989309e-8, 4.988935951426137e-8]
4170;+2.527657966933429e-8;[1.820449063920561e-8, -7.072089030128675e-9]
4227;+2.362705432023468e-8;[9.291314834983666e-9, 1.433573948525101e-8]
4388;+1.299430797061137e-8;[-2.2503488623639975e-9, -1.0743959108247373e-8]
4406;+1.104270924332627e-8;[-6.924783463421651e-9, 4.117925779904617e-9]
4463;+4.345805838347688e-9;[-2.892197448935362e-9, 1.4536083894123258e-9]
4518;+1.251438466055283e-9;[3.9508240887296024e-10, -8.563560571823229e-10]
4752;+4.352359563343087e-10;[-2.9784505975675547e-10, 1.373908965775532e-10]
4832;+1.854976445123800e-10;[-7.926498712883287e-11, -1.0623265738354711e-10]
4948;+1.185199833991199e-10;[-5.193629995977688e-11, -6.6583683439343e-11]
5075;+2.767585236924819e-11;[1.3128210674178086e-11, -1.4547641695070103e-11]
5132;+1.235366092806763e-11;[-7.84545138995944e-13, -1.1569115789071683e-11]
5378;+4.021998025581975e-12;[-3.1856087533519385e-12, 8.363892722300369e-13]
5669;+8.747433387157717e-13;[1.9171195820648492e-13, -6.830313805092868e-13]
5914;+2.150995243654559e-13;[1.2853917966948358e-13, -8.656034469597234e-14]
5969;+1.114789445329037e-13;[-6.035985846972115e-14, -5.111908606318255e-14]
6274;+3.960273064209353e-14;[3.34515578331197e-14, 6.151172808973824e-15]
6542;+2.919093001193561e-14;[1.7668053015823678e-14, 1.1522876996111932e-14]
6597;+1.954494560412512e-14;[8.038015657274827e-15, 1.1506929946850293e-14]
6920;+1.389024852642588e-14;[-2.805208398756634e-16, -1.3609727686550218e-14]
7117;+1.084785807033623e-14;[-3.8718711870005924e-15, -6.975986883335634e-15]
7133;+1.038721424044160e-14;[-2.8578405852692964e-15, -7.529373655172307e-15]
7170;+5.308080610818838e-15;[4.3619914306677465e-15, 9.46089180151091e-16]
7245;+4.842119022052833e-15;[-3.2358839597782915e-15, 1.6062350622745415e-15]
7307;+3.785239224283577e-15;[-3.115830113541053e-15, 6.694091107425245e-16]
7397;+2.021727228743538e-15;[5.410978945585698e-16, 1.4806293341849681e-15]
7440;+9.661247264714675e-16;[-5.320975765215334e-16, 4.3402714994993415e-16]
7497;+4.105448664284252e-16;[9.814812183526593e-17, 3.123967445931593e-16]
7795;+3.399650561303034e-16;[7.094469601077614e-17, -2.6902036011952723e-16]
7813;+2.431197052402464e-16;[-1.3727626820362016e-16, 1.0584343703662625e-16]
7956;+1.234533953561333e-16;[-3.9855412547235274e-17, 8.3597982808898e-17]
8065;+8.446714258699323e-17;[6.046311721159142e-20, -8.440667946978164e-17]
8113;+1.103471372456787e-17;[1.0649603992711486e-17, 3.851097318563793e-19]
8361;+1.081835159753914e-17;[-8.064968406772165e-18, 2.7533831907669753e-18]
8414;+3.732733698157949e-19;[4.522822589154815e-20, 3.280451439242468e-19]
8668;+2.947203244596852e-19;[2.64181663150484e-19, -3.053866130920125e-20]
8973;+2.858604140885814e-19;[2.5647737492126703e-19, -2.938303916731435e-20]
9134;+4.863789839635497e-20;[3.72081254023379e-20, -1.1429772994017074e-20]
9287;+2.657611361880280e-20;[1.4932934609316427e-20, 1.1643179009486369e-20]
9548;+2.130097323787066e-20;[3.2644650791034277e-21, 1.803650815876723e-20]
